(no smoothing)
TP: 6873     FP: 577     TN: 1975    FN: 1320
Accuracy: 0.693345742205677
Precision: 0.9225503355704698
Recall: 0.838886854632003
F1-Score: 0.8787317010803556

alpha=10
TP: 6918     FP: 630     TN: 1922    FN: 1275
Accuracy: 0.7024662633783155
Precision: 0.9165341812400636
Recall: 0.8443793482240938
F1-Score: 0.8789784638841243

alpha=50
TP: 7091     FP: 779     TN: 1773    FN: 1102
Accuracy: 0.7324336900884132
Precision: 0.9010165184243965
Recall: 0.865494934700354
F1-Score: 0.8828985868144182

alpha=100
TP: 7294     FP: 943     TN: 1609    FN: 899
Accuracy: 0.7665891112145183
Precision: 0.8855165715673182
Recall: 0.8902721835713414
F1-Score: 0.8878880097382836